20

1.089514 1.089514 1.089514
0.673687 0.000000 1.763201
-1.763201 -0.673687 0.000000
1.763201 0.673687 0.000000
-1.089514 1.089514 -1.089514
0.000000 -1.763201 -0.673687
-1.763201 0.673687 0.000000
1.089514 -1.089514 1.089514
-1.089514 1.089514 1.089514
-1.089514 -1.089514 1.089514
1.089514 -1.089514 -1.089514
0.673687 0.000000 -1.763201
-1.089514 -1.089514 -1.089514
0.000000 -1.763201 0.673687
0.000000 1.763201 -0.673687
-0.673687 0.000000 1.763201
1.763201 -0.673687 0.000000
-0.673687 0.000000 -1.763201
1.089514 1.089514 -1.089514
0.000000 1.763201 0.673687

30

0 1
0 3
0 19
1 7
1 15
2 6
2 9
2 12
3 16
3 18
4 6
4 14
4 17
5 10
5 12
5 13
6 8
7 13
7 16
8 15
8 19
9 13
9 15
10 16
10 11
11 17
11 18
12 17
14 18
14 19

