30

0.000000 0.000000 1.888646
-0.583087 1.528572 0.945484
1.528572 0.945484 0.583087
0.000000 -1.888646 0.000000
-0.945484 -0.583087 -1.528572
0.583087 -1.528572 -0.945484
1.528572 -0.945484 -0.583087
-0.945484 0.583087 1.528572
0.583087 1.528572 -0.945484
-1.888646 0.000000 0.000000
0.583087 1.528572 0.945484
-0.583087 -1.528572 0.945484
0.583087 -1.528572 0.945484
-1.528572 0.945484 -0.583087
-1.528572 -0.945484 0.583087
-0.583087 -1.528572 -0.945484
1.888646 0.000000 0.000000
-1.528572 -0.945484 -0.583087
-1.528572 0.945484 0.583087
-0.583087 1.528572 -0.945484
-0.945484 -0.583087 1.528572
0.945484 0.583087 -1.528572
1.528572 0.945484 -0.583087
-0.945484 0.583087 -1.528572
0.945484 -0.583087 1.528572
0.945484 -0.583087 -1.528572
1.528572 -0.945484 0.583087
0.000000 1.888646 0.000000
0.945484 0.583087 1.528572
0.000000 0.000000 -1.888646

60

0 7
0 20
0 24
0 28
1 7
1 10
1 18
1 27
2 10
2 16
2 22
2 28
3 5
3 11
3 12
3 15
4 15
4 17
4 23
4 29
5 6
5 15
5 25
6 16
6 25
6 26
7 18
7 20
8 19
8 21
8 22
8 27
9 13
9 14
9 17
9 18
10 27
10 28
11 12
11 14
11 20
12 24
12 26
13 18
13 19
13 23
14 17
14 20
15 17
16 22
16 26
19 23
19 27
21 22
21 25
21 29
23 29
24 26
24 28
25 29

